71
128
131
139
142
182
204
207
218
271
308
310
342
369
383
392
394
423
429
468
499
502
513
518
565
626
629
633
685
708
715
747
807
847
852
905
906
933
934
995
1166
1197
1281
1317
1323
1333
1370
1385
1419
1425
1436
1443
1546
1594
1601
1615
1618
1626
1650
1727
1840
1841
1862
1881
1892
1998
2013
2025
2052
2101
2111
2164
2182
2187
2193
2225
2245
2279
2398
2420
2459
2462
2473
2550
2612
2615
2647
2733
2745
2774
2786
2917
2922
2922
3016
3028
3038
3083
3116
3123
3161
3188
3204
3319
3329
3385
3433
3436
3455
3465
3476
3493
3500
3507
3521
3523
3535
3547
3559
3575
3586
3590
3621
3633
3639
3643
3724
3828
3843
3867
3891
3910
3965
3983
3998
4033
4107
4141
4171
4190
4223
4232
4270
4304
4335
4343
4366
4422
4433
4488
4505
4635
4641
4688
4720
4733
4778
4788
4828
4843
4882
4899
4915
4938
4946
5004
5019
5036
5040
5091
5128
5143
5145
5180
5200
5233
5306
5320
5333
5346
5348
5363
5392
5395
5398
5406
5462
5583
5592
5602
5665
5675
5737
5750
5782
5812
5835
5853
5873
5961
6006
6046
6090
6129
6137
6184
6220
6265
6265
6267
6267
6268
6296
6346
6425
6449
6475
6517
6519
6577
6585
6594
6707
6725
6779
6828
6938
6971
7064
7196
7293
7300
7317
7368
7373
7400
7414
7435
7437
7465
7482
7556
7580
7596
7623
7647
7728
7792
7801
7802
7861
7879
7932
8013
8104
8107
8143
8178
8272
8313
8320
8399
8465
8531
8555
8654
8659
8744
8759
8761
8762
8796
8797
8858
8971
9051
9143
9168
9172
9244
9281
9285
9296
9326
9352
9385
9418
9495
9531
9545
9566
9569
9636
9640
9642
9647
9671
9676
9701
9851
9868
9942
9988
10030
10048
10060
10093
10097
10097
10157
10175
10205
10248
10282
10298
10300
10307
10328
10364
10384
10389
10415
10418
10431
10463
10534
10597
10662
10677
10699
10708
10714
10757
10760
10787
10852
10915
10921
10926
10971
10971
10982
11041
11121
11198
11202
11202
11204
11274
11350
11393
11459
11525
11555
11721
11736
11760
11873
11922
11996
12007
12034
12058
12138
12163
12201
12210
12226
12317
12329
12435
12437
12517
12547
12563
12596
12619
12624
12659
12666
12696
12700
12714
12721
12808
12816
12816
12833
12838
12880
12883
12908
12959
12984
13004
13008
13061
13074
13089
13095
13207
13268
13394
13407
13457
13517
13518
13532
13543
13602
13620
13648
13674
13702
13780
13812
13892
13895
13931
13964
13987
14204
14225
14241
14251
14253
14259
14281
14311
14337
14367
14378
14411
14433
14435
14472
14494
14528
14561
14573
14578
14591
14677
14716
14761
14818
14843
14939
14947
15046
15067
15129
15153
15157
15177
15250
15287
15357
15388
15401
15413
15430
15435
15459
15512
15532
15537
15572
15607
15649
15676
15722
15742
15744
15829
15839
15878
15942
15953
15995
16010
16016
16033
16034
16068
16103
16114
16137
16203
16209
16228
16288
16306
16355
16385
16399
16501
16545
16608
16625
16665
16693
16717
16790
16792
16863
16887
16944
16951
16991
17053
17107
17191
17227
17232
17259
17287
17404
17407
17466
17523
17527
17610
17664
17732
17828
17914
17961
17965
17975
18011
18043
18053
18125
18163
18171
18188
18202
18205
18213
18243
18250
18306
18309
18356
18399
18480
18515
18553
18553
18562
18653
18662
18697
18763
18785
18805
18829
18834
18838
18852
18865
18876
18897
18925
18929
18976
18980
18991
19055
19070
19072
19085
19116
19130
19153
19267
19376
19389
19390
19432
19476
19477
19545
19594
19619
19627
19635
19699
19728
19736
19745
19753
19784
19791
19819
19830
19844
19858
19865
20018
20064
20067
20099
20100
20143
20184
20210
20223
20237
20238
20377
20379
20393
20397
20420
20434
20437
20464
20473
20478
20486
20539
20577
20605
20612
20656
20672
20709
20716
20744
20757
20785
20847
20896
20928
20959
20998
21015
21037
21056
21082
21097
21128
21178
21179
21218
21228
21289
21360
21432
21529
21531
21609
21610
21636
21676
21722
21735
21746
21783
21789
21797
21932
21976
21986
21993
22006
22011
22087
22118
22178
22238
22251
22261
22301
22316
22378
22405
22427
22433
22433
22463
22465
22603
22614
22745
22766
22776
22777
22809
22884
22907
22986
22999
23003
23063
23085
23098
23106
23118
23141
23188
23197
23210
23217
23260
23320
23372
23400
23431
23434
23436
23448
23518
23528
23544
23557
23643
23645
23650
23793
23798
23807
23839
23858
23881
23895
23908
23983
23984
24024
24053
24114
24151
24235
24243
24295
24296
24347
24367
24370
24376
24394
24412
24491
24502
24518
24526
24583
24605
24620
24669
24687
24695
24696
24724
24895
24916
24927
24999
25090
25130
25132
25146
25184
25194
25323
25346
25361
25376
25406
25409
25410
25439
25503
25576
25611
25643
25644
25656
25786
25811
25849
25859
25915
25921
25978
25999
26004
26030
26073
26094
26253
26274
26308
26381
26428
26443
26483
26486
26494
26523
26535
26537
26538
26543
26548
26587
26610
26635
26654
26656
26694
26796
26809
26850
26882
26959
26967
26977
26986
26996
27002
27076
27094
27151
27188
27198
27207
27218
27231
27235
27244
27325
27346
27350
27377
27381
27381
27384
27391
27506
27521
27572
27631
27648
27664
27673
27697
27708
27825
27841
27869
27885
27931
27999
28000
28056
28155
28168
28206
28219
28237
28286
28291
28328
28354
28411
28412
28476
28518
28565
28605
28614
28622
28665
28679
28708
28726
28792
28808
28822
28874
28880
28939
28968
28976
29080
29090
29091
29132
29134
29160
29336
29425
29455
29541
29552
29604
29618
29618
29644
29686
29689
29689
29714
29760
29830
29838
29847
29853
29915
29932
30029
30035
30055
30071
30106
30126
30146
30149
30153
30183
30233
30268
30292
30547
30577
30599
30640
30651
30656
30664
30720
30737
30791
30816
30819
30822
30915
31030
31082
31106
31119
31202
31254
31257
31258
31271
31297
31361
31373
31431
31443
31449
31454
31464
31492
31518
31518
31520
31574
31581
31581
31597
31618
31621
31675
31681
31686
31691
31710
31757
31795
31799
31958
32077
32079
32089
32105
32201
32217
32257
32303
32308
32315
32331
32335
32355
32368
32398
32425
32428
32529
32558
32572
32612
32687
32703

Результат пошуку числа 142 різними методами: 


Послідовний метод: 4
Метод Фібоначчі: 4
Інтерполяційний метод: 4
Метод Хеш-функції: 4
-------------------------------------------------------------------------
30 56 121 156 170 199 390 397 408 414 439 452 501 551 639 742 762 771 777 778 921 921 1035 1047 1050 1079 1094 1121 1180 1258 1290 1333 1379 1386 1423 1554 1598 1618 1619 1623 1761 1769 1769 1793 1827 1902 1934 1960 1972 1983 2030 2073 2122 2149 2193 2234 2257 2270 2275 2376 2394 2423 2467 2509 2530 2537 2541 2591 2602 2619 2621 2632 2646 2657 2669 2696 2742 2837 2840 2889 2903 3001 3063 3094 3120 3153 3160 3191 3230 3317 3354 3378 3418 3439 3445 3446 3493 3534 3538 3547 3565 3567 3575 3602 3610 3618 3628 3721 3742 3774 3780 3791 3848 3879 3886 3902 3932 3972 3985 4001 4009 4057 4069 4080 4095 4111 4127 4150 4314 4410 4427 4482 4483 4506 4512 4521 4536 4536 4567 4574 4633 4656 4694 4737 4775 4822 4828 4846 4872 4944 4949 5037 5064 5069 5094 5179 5182 5212 5214 5404 5415 5420 5421 5437 5480 5498 5520 5625 5627 5663 5738 5815 5833 5857 5870 5948 5952 5994 6031 6037 6069 6082 6120 6130 6147 6242 6287 6296 6334 6347 6370 6393 6564 6615 6635 6647 6653 6686 6728 6752 6779 6781 6785 6806 6812 6816 6862 6880 6885 6919 6921 6924 6948 6962 6968 7002 7011 7032 7075 7106 7239 7249 7261 7268 7315 7343 7354 7358 7359 7410 7441 7445 7483 7492 7657 7710 7755 7772 7806 7893 7896 7939 7958 7965 7974 7978 8010 8033 8068 8074 8175 8202 8252 8280 8310 8334 8394 8437 8447 8462 8492 8503 8506 8518 8559 8640 8695 8723 8813 8871 8970 9031 9100 9104 9109 9114 9225 9269 9280 9294 9321 9346 9347 9366 9368 9390 9398 9437 9481 9504 9507 9520 9535 9609 9617 9711 9718 9725 9815 9824 9836 10020 10121 10140 10180 10207 10252 10270 10304 10319 10335 10350 10357 10417 10419 10578 10588 10675 10687 10742 10748 10780 10818 10819 10868 10872 10890 10897 10988 11108 11114 11117 11132 11139 11146 11218 11233 11237 11302 11342 11347 11354 11441 11459 11493 11555 11556 11695 11745 11767 11782 11788 11827 11886 11890 11891 11902 11907 11931 11986 12009 12012 12077 12084 12144 12163 12204 12212 12260 12280 12364 12392 12395 12406 12423 12432 12436 12447 12447 12537 12563 12588 12642 12666 12685 12689 12704 12709 12712 12751 12754 12778 12781 12800 12817 12866 12916 12919 12950 12995 12998 13012 13077 13164 13176 13194 13211 13241 13289 13304 13336 13394 13404 13425 13459 13526 13616 13639 13705 13734 13787 13801 13914 13918 13933 13949 13962 13978 14026 14028 14082 14102 14126 14182 14183 14303 14306 14318 14352 14370 14385 14416 14432 14452 14511 14512 14522 14578 14602 14614 14621 14638 14671 14729 14899 14962 15002 15036 15172 15212 15220 15223 15232 15270 15341 15350 15458 15481 15485 15504 15514 15576 15592 15598 15608 15624 15645 15704 15737 15744 15748 15754 15778 15780 15792 15821 15828 15862 15886 15917 15954 15971 16009 16070 16175 16216 16243 16243 16255 16283 16288 16343 16349 16396 16413 16413 16431 16452 16473 16548 16551 16587 16638 16669 16677 16695 16706 16731 16763 16787 16817 16823 16843 16869 17023 17039 17124 17134 17244 17271 17322 17375 17490 17500 17528 17529 17621 17626 17801 17833 17858 17894 17938 17997 18004 18010 18012 18082 18086 18093 18109 18137 18200 18228 18281 18324 18333 18355 18361 18407 18436 18440 18444 18511 18609 18635 18674 18677 18683 18684 18725 18727 18740 18783 18788 18850 18863 18907 18927 18947 19105 19109 19207 19246 19330 19348 19388 19397 19631 19668 19752 19753 19905 19906 19928 19957 19974 19976 19981 20034 20075 20089 20102 20168 20172 20317 20323 20466 20477 20493 20548 20554 20571 20581 20586 20602 20630 20667 20828 20837 20878 20977 20978 21027 21057 21088 21104 21120 21121 21127 21135 21146 21236 21261 21306 21338 21359 21378 21424 21438 21444 21470 21506 21510 21520 21537 21550 21552 21578 21615 21628 21699 21706 21723 21748 21768 21771 21791 21804 21819 21898 21988 21996 21997 22049 22116 22120 22139 22168 22172 22182 22183 22186 22327 22356 22358 22364 22365 22406 22461 22462 22512 22516 22574 22608 22663 22680 22727 22736 22738 22747 22793 22834 22844 22921 22939 22948 22958 22982 22982 23011 23016 23024 23113 23132 23140 23166 23197 23246 23284 23328 23329 23351 23359 23389 23408 23418 23431 23441 23462 23483 23514 23531 23546 23569 23573 23648 23682 23716 23730 23747 23777 23876 23911 23928 23931 23975 23987 23989 23992 24014 24045 24049 24083 24112 24116 24141 24159 24170 24193 24203 24231 24301 24314 24373 24383 24436 24436 24445 24527 24537 24676 24685 24705 24735 24758 24786 24848 24865 24866 24878 24888 24906 24930 24962 24970 25037 25060 25084 25122 25150 25188 25196 25209 25230 25281 25298 25311 25380 25417 25464 25528 25540 25588 25610 25716 25764 25803 25814 25846 25852 25873 25913 25976 26094 26182 26202 26245 26265 26301 26337 26433 26457 26494 26543 26545 26616 26667 26710 26739 26894 26952 26974 27014 27028 27047 27059 27084 27104 27146 27188 27235 27356 27389 27502 27505 27516 27574 27606 27645 27685 27718 27772 27791 27800 27803 27878 27961 27961 27976 28003 28003 28027 28035 28066 28074 28082 28103 28204 28326 28434 28437 28490 28507 28532 28596 28630 28643 28658 28720 28747 28785 28841 28851 28873 28983 29033 29128 29147 29198 29208 29270 29283 29299 29381 29393 29427 29437 29467 29469 29498 29679 29712 29734 29796 29811 29846 29989 29992 29993 29996 30086 30121 30133 30139 30165 30229 30247 30276 30298 30300 30309 30320 30360 30388 30389 30463 30551 30565 30582 30585 30593 30607 30634 30636 30677 30745 30801 30833 30866 30884 30987 30988 31120 31156 31170 31268 31287 31375 31398 31454 31506 31527 31528 31538 31541 31543 31560 31572 31593 31597 31613 31619 31627 31706 31731 31749 31769 31784 31796 31848 31848 31867 31870 31925 31953 31981 31984 32004 32016 32030 32042 32059 32064 32078 32129 32146 32162 32233 32241 32280 32285 32315 32338 32348 32366 32366 32367 32440 32449 32463 32480 32526 32529 32555 32611 32621 32640 32664 32751 
Результат пошуку числа 199 різними методами: 


Послідовний метод: 5
Метод Фібоначчі: 5
Інтерполяційний метод: 5
Метод Хеш-функції: 5
-------------------------------------------------------------------------
2 133 186 201 260 271 325 342 355 372 386 389 400 415 417 458 461 489 491 492 502 527 559 561 571 584 589 691 726 773 778 812 829 869 889 923 936 972 1084 1134 1179 1204 1228 1232 1281 1304 1310 1331 1335 1378 1437 1452 1463 1530 1560 1576 1595 1609 1635 1702 1734 1742 1763 1776 1777 1835 1862 1872 1959 1971 1984 1999 2017 2024 2115 2116 2164 2208 2209 2270 2299 2311 2399 2495 2495 2555 2558 2722 2750 2773 2874 2878 2892 2960 3025 3041 3116 3122 3143 3160 3180 3197 3206 3267 3279 3285 3335 3384 3422 3515 3533 3623 3628 3659 3685 3690 3718 3730 3779 3856 3869 3877 3900 3901 3925 3961 3982 4029 4130 4139 4147 4290 4296 4323 4325 4332 4333 4341 4376 4378 4415 4428 4478 4501 4523 4631 4636 4639 4665 4685 4714 4727 4821 4839 4879 4894 4920 4936 5082 5108 5146 5178 5208 5250 5269 5284 5401 5401 5509 5548 5552 5592 5596 5637 5759 5784 5797 5826 5837 5846 5854 5869 5870 5881 5894 5896 5906 5913 5928 5941 5967 5970 6011 6012 6162 6174 6243 6250 6280 6304 6316 6331 6333 6592 6610 6622 6774 6816 6820 6824 6888 6888 6925 6998 7094 7108 7145 7173 7179 7196 7224 7246 7257 7268 7324 7333 7380 7380 7433 7490 7530 7550 7597 7617 7665 7676 7732 7766 7768 7782 7810 7832 7846 7948 7962 7978 8049 8088 8130 8141 8193 8202 8206 8328 8330 8361 8365 8400 8414 8420 8443 8473 8489 8540 8577 8601 8605 8620 8656 8670 8698 8716 8794 8798 8808 8824 8824 8846 8886 8929 8936 8944 8967 9004 9055 9082 9147 9161 9167 9200 9247 9298 9327 9373 9441 9478 9504 9505 9508 9678 9722 9807 9818 9837 9918 9993 9996 10037 10056 10080 10124 10307 10362 10381 10383 10385 10488 10508 10533 10553 10718 10767 10773 10774 10810 10833 10841 10866 10902 10927 11030 11039 11167 11172 11213 11260 11270 11276 11277 11362 11464 11495 11507 11510 11530 11551 11568 11609 11616 11650 11658 11754 11837 11881 11914 11921 11945 11948 11988 12106 12121 12125 12267 12344 12354 12378 12473 12492 12508 12559 12581 12641 12655 12693 12817 12840 12917 12932 12935 12978 13028 13043 13067 13105 13120 13135 13140 13191 13193 13236 13269 13402 13432 13458 13492 13524 13537 13551 13569 13571 13608 13608 13609 13629 13635 13688 13719 13753 13777 13840 13870 13921 13949 13987 14069 14080 14095 14104 14111 14126 14139 14163 14165 14191 14274 14278 14314 14428 14462 14543 14548 14590 14611 14643 14700 14749 14751 14788 14794 14821 14845 14906 14919 14966 15041 15101 15131 15184 15242 15248 15313 15319 15362 15379 15413 15428 15489 15500 15555 15556 15558 15575 15638 15639 15683 15735 15746 15760 15780 15797 15815 15845 15845 15862 15870 15897 15902 15948 15966 16035 16141 16197 16250 16305 16359 16394 16439 16443 16491 16503 16530 16566 16585 16592 16612 16629 16684 16697 16761 16770 16785 16786 16898 16915 16920 16962 16976 16977 16981 17015 17026 17109 17137 17208 17213 17222 17300 17309 17336 17404 17406 17493 17573 17601 17621 17623 17628 17674 17676 17724 17779 17810 17832 17838 17842 17873 17878 17902 17958 17966 17982 18002 18063 18153 18187 18252 18275 18300 18336 18351 18400 18494 18521 18583 18586 18660 18675 18688 18697 18841 18848 18861 18863 18883 18930 18961 19059 19062 19075 19181 19186 19188 19203 19211 19232 19322 19346 19364 19483 19608 19621 19647 19715 19719 19755 19771 19800 19853 19867 19883 19892 19945 20008 20056 20075 20078 20094 20102 20102 20246 20325 20334 20340 20374 20380 20383 20391 20403 20433 20458 20568 20571 20650 20687 20720 20750 20754 20763 20842 20866 20892 20912 20923 20948 20951 21021 21031 21032 21072 21087 21094 21153 21158 21169 21263 21286 21297 21325 21334 21346 21351 21367 21378 21388 21389 21404 21432 21456 21474 21487 21508 21640 21725 21729 21806 21810 21820 21854 21862 21865 21937 21946 21968 21978 22007 22022 22086 22163 22178 22181 22191 22199 22240 22255 22272 22291 22295 22295 22385 22385 22396 22422 22496 22504 22521 22542 22579 22588 22630 22703 22746 22761 22810 22826 22831 22860 22919 22936 22949 23015 23021 23035 23037 23050 23068 23069 23084 23108 23156 23185 23188 23189 23189 23211 23244 23305 23343 23376 23408 23429 23468 23476 23487 23561 23576 23628 23679 23686 23755 23758 23766 23838 23849 23880 23944 23974 23990 24019 24025 24036 24036 24040 24059 24077 24079 24092 24096 24135 24164 24334 24364 24394 24402 24415 24418 24443 24515 24541 24563 24611 24640 24711 24734 24804 24808 24846 24897 24908 24917 24922 24959 24977 24996 25036 25041 25046 25052 25066 25069 25154 25186 25191 25249 25284 25307 25384 25390 25407 25408 25442 25475 25516 25520 25562 25611 25636 25643 25657 25680 25847 25850 25864 25866 25930 25951 25965 25986 26084 26134 26151 26191 26198 26201 26207 26216 26348 26356 26361 26483 26509 26573 26595 26636 26642 26646 26660 26663 26703 26714 26723 26733 26787 26824 27024 27038 27043 27096 27215 27241 27263 27264 27264 27314 27321 27349 27350 27418 27484 27494 27506 27525 27528 27646 27758 27763 27797 27820 27820 27845 27909 27961 27962 28109 28109 28127 28134 28254 28264 28273 28309 28342 28354 28429 28477 28496 28539 28568 28597 28654 28739 28768 28787 28925 28926 28929 29032 29063 29067 29148 29165 29184 29265 29269 29335 29432 29518 29523 29682 29712 29713 29788 29866 29884 29889 29907 29952 29987 30003 30045 30059 30073 30087 30147 30208 30237 30256 30256 30265 30406 30433 30498 30522 30602 30730 30732 30755 30845 30865 30871 30912 30937 30959 31047 31087 31106 31114 31151 31161 31171 31197 31203 31229 31248 31293 31309 31319 31319 31337 31358 31387 31409 31416 31423 31445 31448 31451 31453 31461 31541 31546 31567 31580 31616 31631 31642 31673 31677 31690 31737 31771 31814 31825 31852 31876 31881 31898 31926 32002 32003 32035 32071 32112 32130 32233 32262 32327 32328 32329 32335 32380 32474 32508 32533 32539 32541 32585 32609 32619 32677 32736 

Результат пошуку числа 342 різними методами: 

Послідовний метод: 7
Метод Фібоначчі: 7
Інтерполяційний метод: 7
Метод Хеш-функції: 7
2 133 186 201 260 271 325 342 355 372 386 389 400 415 417 458 461 489 491 492 502 527 559 561 571 584 589 691 726 773 778 812 829 869 889 923 936 972 1084 1134 1179 1204 1228 1232 1281 1304 1310 1331 1335 1378 1437 1452 1463 1530 1560 1576 1595 1609 1635 1702 1734 1742 1763 1776 1777 1835 1862 1872 1959 1971 1984 1999 2017 2024 2115 2116 2164 2208 2209 2270 2299 2311 2399 2495 2495 2555 2558 2722 2750 2773 2874 2878 2892 2960 3025 3041 3116 3122 3143 3160 3180 3197 3206 3267 3279 3285 3335 3384 3422 3515 3533 3623 3628 3659 3685 3690 3718 3730 3779 3856 3869 3877 3900 3901 3925 3961 3982 4029 4130 4139 4147 4290 4296 4323 4325 4332 4333 4341 4376 4378 4415 4428 4478 4501 4523 4631 4636 4639 4665 4685 4714 4727 4821 4839 4879 4894 4920 4936 5082 5108 5146 5178 5208 5250 5269 5284 5401 5401 5509 5548 5552 5592 5596 5637 5759 5784 5797 5826 5837 5846 5854 5869 5870 5881 5894 5896 5906 5913 5928 5941 5967 5970 6011 6012 6162 6174 6243 6250 6280 6304 6316 6331 6333 6592 6610 6622 6774 6816 6820 6824 6888 6888 6925 6998 7094 7108 7145 7173 7179 7196 7224 7246 7257 7268 7324 7333 7380 7380 7433 7490 7530 7550 7597 7617 7665 7676 7732 7766 7768 7782 7810 7832 7846 7948 7962 7978 8049 8088 8130 8141 8193 8202 8206 8328 8330 8361 8365 8400 8414 8420 8443 8473 8489 8540 8577 8601 8605 8620 8656 8670 8698 8716 8794 8798 8808 8824 8824 8846 8886 8929 8936 8944 8967 9004 9055 9082 9147 9161 9167 9200 9247 9298 9327 9373 9441 9478 9504 9505 9508 9678 9722 9807 9818 9837 9918 9993 9996 10037 10056 10080 10124 10307 10362 10381 10383 10385 10488 10508 10533 10553 10718 10767 10773 10774 10810 10833 10841 10866 10902 10927 11030 11039 11167 11172 11213 11260 11270 11276 11277 11362 11464 11495 11507 11510 11530 11551 11568 11609 11616 11650 11658 11754 11837 11881 11914 11921 11945 11948 11988 12106 12121 12125 12267 12344 12354 12378 12473 12492 12508 12559 12581 12641 12655 12693 12817 12840 12917 12932 12935 12978 13028 13043 13067 13105 13120 13135 13140 13191 13193 13236 13269 13402 13432 13458 13492 13524 13537 13551 13569 13571 13608 13608 13609 13629 13635 13688 13719 13753 13777 13840 13870 13921 13949 13987 14069 14080 14095 14104 14111 14126 14139 14163 14165 14191 14274 14278 14314 14428 14462 14543 14548 14590 14611 14643 14700 14749 14751 14788 14794 14821 14845 14906 14919 14966 15041 15101 15131 15184 15242 15248 15313 15319 15362 15379 15413 15428 15489 15500 15555 15556 15558 15575 15638 15639 15683 15735 15746 15760 15780 15797 15815 15845 15845 15862 15870 15897 15902 15948 15966 16035 16141 16197 16250 16305 16359 16394 16439 16443 16491 16503 16530 16566 16585 16592 16612 16629 16684 16697 16761 16770 16785 16786 16898 16915 16920 16962 16976 16977 16981 17015 17026 17109 17137 17208 17213 17222 17300 17309 17336 17404 17406 17493 17573 17601 17621 17623 17628 17674 17676 17724 17779 17810 17832 17838 17842 17873 17878 17902 17958 17966 17982 18002 18063 18153 18187 18252 18275 18300 18336 18351 18400 18494 18521 18583 18586 18660 18675 18688 18697 18841 18848 18861 18863 18883 18930 18961 19059 19062 19075 19181 19186 19188 19203 19211 19232 19322 19346 19364 19483 19608 19621 19647 19715 19719 19755 19771 19800 19853 19867 19883 19892 19945 20008 20056 20075 20078 20094 20102 20102 20246 20325 20334 20340 20374 20380 20383 20391 20403 20433 20458 20568 20571 20650 20687 20720 20750 20754 20763 20842 20866 20892 20912 20923 20948 20951 21021 21031 21032 21072 21087 21094 21153 21158 21169 21263 21286 21297 21325 21334 21346 21351 21367 21378 21388 21389 21404 21432 21456 21474 21487 21508 21640 21725 21729 21806 21810 21820 21854 21862 21865 21937 21946 21968 21978 22007 22022 22086 22163 22178 22181 22191 22199 22240 22255 22272 22291 22295 22295 22385 22385 22396 22422 22496 22504 22521 22542 22579 22588 22630 22703 22746 22761 22810 22826 22831 22860 22919 22936 22949 23015 23021 23035 23037 23050 23068 23069 23084 23108 23156 23185 23188 23189 23189 23211 23244 23305 23343 23376 23408 23429 23468 23476 23487 23561 23576 23628 23679 23686 23755 23758 23766 23838 23849 23880 23944 23974 23990 24019 24025 24036 24036 24040 24059 24077 24079 24092 24096 24135 24164 24334 24364 24394 24402 24415 24418 24443 24515 24541 24563 24611 24640 24711 24734 24804 24808 24846 24897 24908 24917 24922 24959 24977 24996 25036 25041 25046 25052 25066 25069 25154 25186 25191 25249 25284 25307 25384 25390 25407 25408 25442 25475 25516 25520 25562 25611 25636 25643 25657 25680 25847 25850 25864 25866 25930 25951 25965 25986 26084 26134 26151 26191 26198 26201 26207 26216 26348 26356 26361 26483 26509 26573 26595 26636 26642 26646 26660 26663 26703 26714 26723 26733 26787 26824 27024 27038 27043 27096 27215 27241 27263 27264 27264 27314 27321 27349 27350 27418 27484 27494 27506 27525 27528 27646 27758 27763 27797 27820 27820 27845 27909 27961 27962 28109 28109 28127 28134 28254 28264 28273 28309 28342 28354 28429 28477 28496 28539 28568 28597 28654 28739 28768 28787 28925 28926 28929 29032 29063 29067 29148 29165 29184 29265 29269 29335 29432 29518 29523 29682 29712 29713 29788 29866 29884 29889 29907 29952 29987 30003 30045 30059 30073 30087 30147 30208 30237 30256 30256 30265 30406 30433 30498 30522 30602 30730 30732 30755 30845 30865 30871 30912 30937 30959 31047 31087 31106 31114 31151 31161 31171 31197 31203 31229 31248 31293 31309 31319 31319 31337 31358 31387 31409 31416 31423 31445 31448 31451 31453 31461 31541 31546 31567 31580 31616 31631 31642 31673 31677 31690 31737 31771 31814 31825 31852 31876 31881 31898 31926 32002 32003 32035 32071 32112 32130 32233 32262 32327 32328 32329 32335 32380 32474 32508 32533 32539 32541 32585 32609 32619 32677 32736 

Результат пошуку числа 201 різними методами: 

Послідовний метод: 3
Метод Фібоначчі: 3
Інтерполяційний метод: 3
Метод Хеш-функції: 3
1 11 29 56 67 76 88 128 201 235 239 311 348 348 387 418 428 455 474 479 497 552 566 624 627 666 677 695 696 710 761 778 829 829 930 1017 1025 1044 1078 1108 1133 1147 1158 1186 1246 1246 1272 1279 1293 1332 1422 1422 1444 1445 1446 1455 1529 1540 1554 1566 1578 1631 1681 1795 1839 1879 1903 1936 2038 2056 2135 2146 2274 2277 2309 2323 2368 2399 2439 2474 2514 2580 2593 2640 2687 2696 2705 2712 2756 2802 2863 2874 2877 2886 2895 2950 2999 3005 3021 3042 3046 3081 3085 3112 3154 3177 3238 3251 3255 3263 3297 3316 3359 3376 3410 3447 3574 3601 3651 3679 3698 3713 3784 3798 3871 3931 3953 3967 3997 4038 4043 4064 4067 4155 4179 4205 4221 4314 4316 4324 4348 4365 4418 4428 4437 4484 4550 4653 4699 4727 4737 4766 4770 4782 4799 4834 4860 4919 4951 4991 5018 5031 5061 5080 5120 5121 5127 5139 5140 5165 5194 5210 5237 5404 5473 5500 5536 5550 5562 5619 5640 5736 5791 5792 5849 5856 5865 5929 6016 6048 6053 6058 6068 6079 6126 6207 6215 6243 6341 6392 6410 6411 6438 6475 6515 6516 6553 6592 6596 6608 6661 6817 6867 6916 7000 7004 7037 7042 7052 7055 7160 7283 7300 7306 7431 7440 7580 7630 7751 7854 7877 7899 7969 7983 8016 8062 8081 8094 8139 8162 8187 8198 8226 8260 8347 8354 8363 8364 8383 8421 8457 8508 8554 8609 8671 8691 8812 8814 8874 8890 8890 8914 8948 8970 8977 9002 9006 9019 9048 9061 9070 9081 9093 9125 9126 9133 9154 9166 9171 9287 9339 9446 9478 9490 9537 9616 9624 9627 9663 9732 9732 9740 9743 9761 9764 9785 9841 9850 9867 9893 9904 9941 10017 10029 10033 10035 10053 10079 10090 10136 10147 10148 10194 10202 10282 10362 10421 10512 10558 10592 10598 10646 10669 10717 10723 10795 10828 10888 10889 10907 10926 11028 11029 11048 11068 11125 11139 11209 11222 11246 11289 11348 11384 11434 11451 11578 11634 11659 11761 11794 11813 11845 11875 11881 11884 11984 12079 12086 12089 12116 12126 12126 12128 12148 12211 12211 12218 12244 12247 12248 12250 12252 12280 12335 12342 12440 12517 12539 12552 12570 12665 12669 12672 12681 12720 12815 12821 12835 12880 12906 12941 12959 12977 13015 13046 13050 13057 13212 13258 13346 13353 13368 13392 13412 13463 13480 13597 13628 13632 13747 13772 13806 13819 13824 13832 13837 13929 13954 14022 14043 14091 14141 14171 14178 14213 14230 14261 14298 14332 14360 14376 14391 14396 14397 14403 14418 14468 14494 14501 14516 14541 14585 14611 14674 14704 14854 14899 14991 14994 15034 15084 15097 15120 15155 15164 15177 15216 15273 15339 15345 15401 15415 15426 15448 15454 15465 15470 15524 15535 15606 15606 15645 15670 15685 15692 15710 15769 15795 15806 15895 15914 15914 15924 15978 16027 16038 16045 16157 16170 16175 16198 16241 16317 16340 16382 16388 16398 16406 16436 16437 16452 16462 16538 16540 16569 16616 16680 16681 16695 16696 16728 16760 16763 16785 16809 16840 16860 16902 16960 16993 17014 17055 17132 17157 17194 17284 17321 17331 17428 17436 17438 17473 17514 17570 17605 17606 17683 17690 17737 17739 17785 17830 17927 17930 17954 17963 17963 17986 17987 17989 18000 18022 18053 18095 18104 18113 18125 18141 18207 18235 18260 18294 18312 18314 18382 18432 18473 18527 18543 18572 18606 18631 18660 18684 18693 18728 18765 18892 18988 18989 19036 19050 19069 19083 19089 19123 19168 19190 19218 19229 19255 19260 19286 19399 19456 19515 19556 19567 19570 19631 19632 19635 19711 19715 19724 19740 19814 19820 19848 19849 19861 19875 19924 19929 20000 20045 20084 20085 20189 20212 20258 20260 20280 20307 20488 20499 20524 20562 20570 20579 20591 20630 20632 20656 20656 20692 20712 20751 20753 20780 20805 20817 20869 20877 20896 20999 21023 21035 21058 21062 21131 21137 21154 21167 21237 21267 21299 21316 21388 21394 21398 21398 21420 21429 21432 21472 21507 21575 21594 21596 21598 21680 21747 21753 21903 21912 21913 21967 21982 22072 22105 22126 22127 22225 22245 22312 22421 22444 22514 22527 22556 22601 22637 22640 22659 22664 22666 22672 22762 22793 22816 22817 22828 22903 22916 22934 22960 23014 23016 23051 23056 23070 23102 23110 23306 23315 23332 23340 23347 23416 23424 23434 23435 23490 23493 23518 23524 23559 23579 23736 23740 23767 23779 23790 23893 23934 24043 24095 24121 24146 24155 24176 24182 24193 24204 24214 24248 24315 24335 24339 24348 24350 24366 24405 24458 24506 24514 24608 24616 24708 24717 24718 24722 24733 24772 24776 24802 24821 24858 24877 24885 24889 24912 24942 24968 25009 25034 25079 25081 25085 25089 25167 25176 25242 25305 25343 25352 25509 25594 25634 25666 25721 25722 25748 25888 25936 25973 25999 26098 26101 26178 26258 26260 26270 26321 26325 26384 26384 26404 26434 26448 26469 26479 26511 26527 26659 26661 26664 26692 26692 26692 26696 26716 26739 26766 26855 26870 26930 26931 26936 26947 26966 26984 27104 27118 27139 27150 27234 27307 27313 27315 27316 27354 27389 27454 27518 27540 27548 27567 27573 27593 27619 27655 27670 27670 27693 27717 27746 27867 27872 27878 27894 27923 27955 27981 27991 27997 28018 28044 28106 28113 28226 28287 28298 28303 28344 28351 28354 28382 28391 28464 28472 28547 28580 28594 28690 28747 28779 28833 28865 28873 28931 28953 29119 29122 29150 29218 29354 29358 29378 29459 29484 29537 29608 29612 29616 29617 29700 29727 29750 29799 29801 29802 29830 29843 29848 29870 29899 29931 29947 29968 29994 30003 30079 30213 30243 30250 30310 30324 30324 30340 30437 30443 30461 30465 30527 30542 30560 30560 30564 30584 30584 30587 30596 30604 30642 30830 30863 30872 30886 30933 30955 30978 31029 31094 31112 31152 31165 31188 31212 31412 31412 31446 31452 31503 31629 31638 31652 31656 31676 31704 31741 31754 31762 31763 31814 31851 31887 31889 31900 31901 31916 31930 31967 32033 32070 32123 32142 32164 32165 32268 32328 32426 32446 32459 32521 32599 32668 32731 32738 

Результат пошуку числа 11 різними методами: 

Послідовний метод: 1
Метод Фібоначчі: 1
Інтерполяційний метод: 1
Метод Хеш-функції: 1
12 37 45 52 71 77 96 119 187 227 240 258 265 267 271 306 389 458 477 544 577 654 686 720 826 850 885 904 932 950 981 1009 1070 1087 1190 1219 1254 1259 1280 1295 1309 1349 1401 1441 1443 1446 1464 1542 1547 1612 1628 1662 1702 1750 1845 1872 1875 1915 1951 1976 1997 2068 2075 2077 2122 2128 2143 2157 2161 2200 2203 2204 2237 2256 2389 2408 2417 2543 2594 2607 2641 2656 2680 2696 2716 2746 2781 2818 2837 2846 2860 2877 2878 2915 2955 2996 3035 3039 3154 3165 3269 3310 3312 3320 3355 3381 3447 3456 3487 3498 3563 3579 3587 3683 3757 3789 3863 3880 4069 4073 4097 4106 4113 4138 4229 4234 4240 4273 4380 4392 4446 4453 4459 4528 4531 4612 4693 4700 4704 4747 4810 4813 4916 4920 4924 4978 5077 5089 5091 5101 5110 5133 5146 5147 5221 5234 5237 5297 5312 5458 5518 5552 5608 5622 5649 5652 5725 5734 5785 5813 5814 5816 5888 5890 5953 6004 6161 6229 6235 6282 6300 6334 6369 6387 6412 6460 6522 6581 6684 6740 6769 6838 6841 6847 6848 6867 6950 6975 7027 7076 7105 7174 7260 7269 7278 7283 7309 7319 7368 7459 7481 7554 7568 7654 7668 7687 7705 7720 7721 7773 7788 7806 7815 7823 7856 7863 7864 7901 8073 8081 8106 8135 8145 8162 8217 8262 8294 8326 8390 8404 8433 8446 8503 8513 8513 8531 8561 8607 8653 8706 8733 8741 8744 8752 8785 8801 8831 8861 8870 8883 9017 9031 9070 9102 9107 9110 9128 9154 9154 9204 9262 9305 9322 9329 9340 9343 9378 9416 9447 9471 9471 9498 9532 9577 9583 9673 9701 9817 9848 9864 9988 10022 10024 10214 10228 10289 10313 10375 10408 10430 10449 10458 10490 10500 10527 10545 10615 10684 10693 10718 10735 10760 10779 10849 10862 10863 10866 10916 10987 11058 11081 11099 11101 11105 11109 11160 11180 11210 11292 11384 11429 11468 11468 11475 11481 11518 11525 11566 11592 11626 11672 11690 11693 11725 11752 11896 11915 11983 11992 11997 12060 12110 12148 12213 12278 12279 12323 12351 12362 12383 12478 12484 12501 12509 12581 12606 12629 12649 12673 12677 12701 12773 12789 12833 12851 12887 12912 12921 12927 12930 12962 12984 13021 13067 13104 13125 13135 13187 13223 13271 13302 13371 13377 13402 13465 13466 13533 13586 13613 13678 13687 13707 13717 13718 13720 13728 13743 13784 13813 13872 13916 13965 13979 13983 14017 14056 14068 14150 14212 14230 14249 14259 14274 14281 14283 14306 14330 14375 14384 14445 14476 14535 14544 14547 14578 14595 14672 14686 14693 14765 14798 14838 14848 14863 14882 14940 15043 15053 15069 15075 15083 15159 15184 15303 15314 15391 15415 15431 15444 15454 15474 15476 15554 15568 15587 15599 15610 15621 15644 15658 15661 15723 15818 15831 15890 15895 15934 15936 15949 15959 15964 16008 16032 16043 16115 16115 16148 16177 16178 16185 16206 16267 16312 16436 16443 16452 16456 16459 16495 16610 16641 16666 16704 16711 16722 16756 16812 16857 16863 16866 16944 16945 17017 17044 17095 17142 17204 17303 17335 17346 17386 17394 17403 17409 17452 17466 17489 17507 17555 17564 17576 17576 17580 17581 17636 17641 17725 17731 17760 17768 17780 17788 17832 17851 17874 17878 17878 17979 17981 18051 18083 18114 18148 18192 18198 18198 18278 18318 18466 18491 18500 18518 18521 18526 18617 18635 18658 18681 18701 18740 18761 18764 18770 18799 18828 18880 18887 18887 18943 18950 18951 18962 18970 18973 18985 19136 19199 19236 19289 19299 19368 19440 19443 19444 19474 19481 19484 19561 19581 19611 19652 19662 19699 19739 19760 19796 19806 19816 19817 19838 19861 19925 19930 19932 19988 20035 20060 20084 20173 20174 20203 20212 20259 20277 20299 20318 20352 20367 20382 20428 20428 20434 20481 20481 20498 20532 20544 20565 20578 20581 20649 20660 20690 20702 20710 20781 20927 20927 20975 20990 21081 21089 21144 21146 21147 21164 21200 21208 21218 21228 21273 21284 21301 21307 21379 21423 21489 21518 21549 21607 21680 21686 21694 21694 21699 21719 21738 21770 21784 21807 21878 21908 21936 21946 22003 22013 22013 22038 22229 22246 22254 22262 22279 22292 22373 22377 22463 22470 22510 22539 22562 22608 22620 22639 22698 22726 22767 22770 22786 22819 22820 22824 22859 22877 22892 22914 22964 23011 23168 23234 23252 23265 23280 23340 23382 23419 23450 23498 23511 23544 23552 23614 23650 23665 23671 23759 23783 23806 23881 24029 24037 24156 24191 24207 24214 24227 24293 24315 24323 24343 24379 24422 24460 24471 24501 24536 24581 24589 24595 24602 24637 24672 24687 24710 24710 24939 24966 25016 25071 25082 25093 25105 25145 25227 25228 25239 25335 25390 25397 25435 25439 25468 25471 25487 25494 25543 25571 25634 25671 25725 25746 25748 25770 25801 25818 25880 25881 25921 25954 25973 25987 25991 26000 26038 26049 26054 26066 26071 26129 26157 26168 26179 26196 26220 26241 26355 26376 26418 26446 26478 26480 26514 26565 26565 26641 26647 26687 26711 26735 26772 26779 26794 26864 26915 26937 26988 27042 27067 27069 27101 27136 27180 27189 27244 27262 27381 27389 27410 27448 27492 27511 27512 27520 27539 27555 27562 27575 27578 27600 27614 27616 27658 27730 27840 27879 27882 27903 27908 27963 28005 28066 28087 28105 28109 28120 28159 28190 28283 28286 28315 28362 28379 28441 28462 28478 28510 28607 28676 28686 28750 28772 28784 28795 28846 28847 29032 29052 29075 29086 29088 29108 29226 29307 29309 29325 29327 29399 29428 29491 29514 29640 29701 29726 29756 29761 29853 29904 29932 29934 29941 29953 30056 30069 30093 30093 30188 30211 30215 30258 30337 30344 30348 30354 30366 30414 30456 30461 30506 30517 30608 30638 30708 30718 30767 30775 30877 30917 30963 30966 31020 31026 31089 31093 31099 31131 31161 31238 31309 31310 31332 31333 31361 31382 31410 31424 31429 31505 31525 31525 31550 31564 31636 31680 31748 31779 31838 31842 31882 31916 31932 32007 32016 32069 32104 32121 32137 32164 32204 32351 32412 32491 32523 32556 32557 32592 32653 32711 32714 32718 32752 

Результат пошуку числа 187 різними методами: 

Послідовний метод: 8
Метод Фібоначчі: 8
Інтерполяційний метод: 8
Метод Хеш-функції: 8
23 131 137 183 205 245 360 372 461 543 567 572 609 623 631 659 676 709 799 827 907 936 946 947 991 994 1003 1071 1074 1103 1104 1140 1183 1186 1198 1272 1290 1345 1350 1470 1532 1564 1567 1607 1676 1754 1808 1811 1876 1906 2063 2070 2118 2132 2170 2206 2273 2281 2330 2340 2341 2341 2360 2373 2466 2502 2512 2514 2517 2589 2597 2606 2626 2691 2708 2745 2753 2771 2787 2856 2929 2935 2941 2994 3038 3047 3051 3054 3173 3230 3287 3303 3366 3387 3475 3515 3521 3593 3602 3603 3631 3706 3723 3763 3800 3803 3858 3909 3914 3952 3982 3983 4020 4047 4049 4055 4126 4163 4177 4205 4256 4274 4330 4473 4540 4556 4577 4583 4612 4634 4661 4703 4798 4880 4889 4915 4949 5002 5007 5038 5105 5163 5183 5193 5235 5241 5269 5361 5377 5449 5495 5496 5530 5543 5545 5546 5651 5659 5687 5729 5740 5768 5779 5845 5847 5853 5855 5861 5861 5877 5904 5915 5997 6037 6109 6154 6161 6165 6251 6283 6319 6379 6386 6394 6406 6525 6554 6558 6561 6582 6586 6590 6605 6609 6612 6656 6670 6724 6833 6835 6886 6966 6999 7099 7186 7376 7397 7406 7481 7483 7558 7593 7599 7649 7789 7828 7831 7842 7842 7880 7904 7905 7939 7963 7992 8000 8007 8038 8042 8102 8152 8160 8189 8200 8202 8233 8233 8304 8310 8337 8342 8384 8601 8611 8614 8657 8668 8732 8734 8735 8761 8774 8811 8816 8863 8886 8887 8920 8927 9004 9033 9034 9133 9177 9210 9260 9267 9285 9327 9330 9404 9442 9468 9502 9523 9525 9554 9559 9567 9595 9669 9827 9837 9916 9949 10064 10074 10074 10095 10108 10108 10149 10231 10232 10240 10251 10289 10299 10334 10340 10378 10441 10576 10624 10625 10648 10677 10724 10776 10793 10907 10951 11041 11049 11059 11129 11136 11151 11263 11270 11275 11305 11369 11431 11434 11438 11518 11585 11612 11629 11644 11654 11750 11766 11793 11797 11851 11881 11896 12053 12059 12060 12066 12119 12124 12207 12226 12257 12265 12273 12347 12377 12430 12493 12506 12529 12548 12601 12649 12669 12678 12681 12713 12719 12766 12771 12791 12806 12823 12824 12844 12884 12889 13023 13045 13068 13084 13126 13166 13181 13193 13217 13229 13260 13270 13410 13434 13498 13512 13536 13537 13735 13782 13795 13801 13832 13914 13920 13994 14100 14110 14126 14126 14133 14177 14189 14228 14228 14240 14293 14344 14368 14400 14405 14453 14518 14614 14659 14761 14763 14786 14793 14848 14855 14904 14912 14952 14989 15046 15060 15097 15107 15154 15160 15197 15306 15341 15365 15440 15456 15499 15513 15542 15543 15556 15589 15628 15692 15695 15746 15767 15803 15806 15895 15936 15955 15956 16003 16029 16038 16038 16044 16064 16080 16105 16123 16133 16146 16171 16178 16201 16257 16309 16309 16339 16341 16393 16405 16415 16459 16475 16476 16532 16578 16592 16615 16631 16643 16654 16759 16821 16825 16828 16845 16849 16861 16886 16904 16949 17040 17073 17136 17177 17192 17234 17251 17261 17394 17409 17451 17491 17497 17524 17576 17585 17677 17686 17730 17739 17741 17767 17816 17822 17830 17846 17849 17854 17888 17943 17953 17953 18000 18063 18077 18087 18092 18109 18176 18184 18227 18427 18466 18485 18633 18639 18697 18713 18775 18815 18848 18853 18948 18969 18975 18979 19012 19047 19116 19156 19160 19188 19205 19254 19374 19384 19428 19443 19465 19510 19551 19605 19654 19694 19909 19993 19997 20021 20036 20153 20162 20177 20196 20217 20290 20343 20360 20400 20406 20412 20417 20495 20508 20618 20623 20654 20683 20691 20739 20750 20800 20814 20834 20836 20845 20931 20935 20966 21058 21064 21088 21150 21196 21205 21266 21266 21326 21344 21397 21416 21474 21508 21520 21532 21542 21568 21585 21614 21644 21664 21672 21736 21824 21868 21912 21932 21986 22010 22016 22057 22126 22128 22173 22262 22272 22294 22302 22342 22386 22438 22488 22616 22619 22620 22647 22675 22687 22767 22777 22804 22838 22876 22961 22984 22989 23034 23064 23068 23095 23184 23185 23190 23204 23230 23350 23367 23392 23401 23416 23476 23538 23549 23561 23581 23585 23683 23733 23758 23801 23828 23859 23863 23894 23942 23944 23983 24019 24033 24066 24076 24103 24131 24152 24155 24160 24192 24237 24278 24345 24359 24371 24396 24418 24429 24493 24543 24558 24567 24667 24761 24819 24829 24829 24847 24897 24900 24959 25001 25046 25047 25081 25087 25101 25124 25179 25180 25191 25243 25265 25267 25272 25280 25282 25303 25368 25373 25398 25444 25458 25520 25522 25529 25563 25592 25647 25674 25689 25777 25811 25833 25861 25865 25869 25869 25941 25942 25977 26002 26080 26083 26117 26124 26198 26204 26271 26282 26308 26364 26459 26462 26477 26516 26526 26544 26554 26574 26586 26611 26641 26666 26690 26703 26739 26796 26800 26810 26856 26878 26909 26978 26981 27006 27134 27161 27173 27183 27264 27295 27306 27317 27337 27349 27377 27380 27451 27493 27499 27700 27768 27771 27773 27781 27810 27829 27896 27936 27977 28066 28072 28113 28117 28132 28135 28144 28144 28145 28148 28165 28183 28215 28329 28349 28364 28471 28489 28507 28560 28596 28609 28624 28646 28668 28685 28690 28725 28738 28758 28807 28838 28838 28848 28886 28895 28906 28918 28918 28944 28948 28954 28957 29013 29035 29037 29042 29068 29076 29100 29118 29135 29168 29174 29273 29293 29314 29322 29352 29366 29368 29381 29416 29418 29498 29531 29705 29748 29766 29782 29786 29860 29906 29921 29989 29990 30012 30014 30047 30080 30083 30102 30108 30117 30122 30125 30127 30145 30149 30168 30176 30185 30191 30300 30344 30389 30481 30492 30534 30555 30555 30588 30594 30621 30623 30706 30769 30782 30790 30800 30828 30828 30854 30883 30922 30949 30980 30983 31063 31126 31132 31133 31169 31176 31218 31280 31299 31309 31322 31387 31448 31496 31499 31527 31531 31671 31694 31702 31712 31729 31811 31823 31848 31862 31869 31873 31885 31918 31930 31932 31936 31956 31971 31999 32043 32047 32050 32076 32177 32216 32250 32309 32336 32448 32493 32528 32580 32585 32597 32599 32614 32715 32751 32763 

Результат пошуку числа 360 різними методами: 

Послідовний метод: 6
Метод Фібоначчі: 6
Інтерполяційний метод: 6
Метод Хеш-функції: 6
